MAC1 = 0.8572666644757239
MAC2 = 0.9168492545945766
taper = 0.45
rootchord1 = 1.1283237490073827
rootchord2 = 1.2067456149731948
thicknessChordRatio = 0.17
xAC = 0.25
MTOM_nc = 1973.6455210739573
MTOM = 2125.0272255656173
AR1 = 9.511387725171947
AR2 = 9.978405107509532
S1 = 6.364838046118121
S2 = 7.637805655341745
span1 = 7.780645375838388
span2 = 8.730012540737112
nmax = 3.2
Pmax = 17
lf = 8.609174677721349
m_pax = 88
n_prop = 12
n_pax = 5
pos_fus = 3.44366987108854
pos_lgear = 4.125
pos_frontwing = 0.5
pos_backwing = 7.38451
zpos_frontwing = 0.3
zpos_backwing = 1.7
m_prop = [24.53326274 24.53326274 24.53326274 24.53326274 24.53326274 24.53326274
 24.53326274 24.53326274 24.53326274 24.53326274 24.53326274 24.53326274]
pos_prop = [0.08568333 0.08568333 0.08568333 0.08568333 0.08568333 0.08568333
 6.95529769 6.95529769 6.95529769 6.95529769 6.95529769 6.95529769]
Mac1 = -0.0030654513806362767
Mac2 = -0.003090582659592415
flighttime = 1.6696070143757442
takeofftime = 0.07756249999996978
enginePlacement = [0.28568333 0.28568333 0.28568333 0.28568333 0.28568333 0.28568333
 7.15529769 7.15529769 7.15529769 7.15529769 7.15529769 7.15529769]
T_max = 25104.3769250047
T_max_ctrl = 1.4000000000000001
battery_pos = 2.490737144567832
cargo_m = 35
cargo_pos = 6.5
battery_m = 526.756576924646
P_max = 1478227.9293584577
vol_bat = 198.99692906042182
price_bat = 17909.723615437964
h_winglet_1 = 0.5
h_winglet_2 = 0.5
V_cruise = 65.90313850724857
h_cruise = 1000
CLmax = 1.7318662203315984
CD0fwd = 0.008558896967176247
CD0fwd = 0.008558896967176247
CD0 = 0.00724899026878556
Clafwd = 6.028232202020173
Clarear = 6.028232202020173
CL_cr_fwd = 0.618895135794175
CL_cr_rear = 0.618895135794175
CL_cr = 0.618895135794175
P_br_cruise_per_engine = 7505.276471890429
T_cr_per_engine = 93.20302501502498
x_cg_MTOM_nc = 3.6374118926763113
Prop_radius_front = 0.4600645375838389
Prop_radius_back = 0.5550012540737115
Disk_load_front = 269.0051956267256
Disk_load_back = 184.8460848136065
Root chord vertical tail = 1.3511827866854396
Front_wing_mass = 338.0283968952351
Rear_wing_mass = 368.40121483880375
Fuselage_mass = 171.50899044420387
Landing_gear_mass = 85.0010890226247
Vertical_tail_mass = 9.012744467611254
Propulsion_mass = 294.3991528909114
Energy_nc = 527466412.02677333
Energy = 571288924.0573425
Cr_vert = 1.3511827866854396
m_v_tail = 9.012744467611254
S_vtail = 1.2524267172020302
b_vtail = 1.3241591309517304
