MAC1 = 0.9821387924375073
MAC2 = 1.050400367901213
taper = 0.44999999999999996
rootchord1 = 1.2926788947362051
rootchord2 = 1.382523933546226
thicknessChordRatio = 0.17
xAC = 0.25
MTOM_nc = 2328.1841690357637
MTOM = 2552.69991951037
AR1 = 9.511387725171947
AR2 = 9.978405107509532
S1 = 8.354129735836752
S2 = 10.024955683004102
span1 = 8.913998374687514
span2 = 10.001653312820078
nmax = 3.2
Pmax = 17
lf = 8.743864209862174
m_pax = 88
n_prop = 12
n_pax = 5
pos_fus = 3.4975456839448698
pos_lgear = 4.125
pos_frontwing = 0.5
pos_backwing = 7.38451
zpos_frontwing = 0.3
zpos_backwing = 1.7
m_prop = [33.09738282 33.09738282 33.09738282 33.09738282 33.09738282 33.09738282
 33.09738282 33.09738282 33.09738282 33.09738282 33.09738282 33.09738282]
pos_prop = [0.0544653  0.0544653  0.0544653  0.0544653  0.0544653  0.0544653
 6.92190991 6.92190991 6.92190991 6.92190991 6.92190991 6.92190991]
Mac1 = -0.0030654513806362767
Mac2 = -0.003090582659592415
flighttime = 1.59304696310815
takeofftime = 0.0793791666666348
enginePlacement = [0.2544653  0.2544653  0.2544653  0.2544653  0.2544653  0.2544653
 7.12190991 7.12190991 7.12190991 7.12190991 7.12190991 7.12190991]
T_max = 32950.5684878269
T_max_ctrl = 1.8000000000000005
battery_pos = 2.490737144567832
cargo_m = 35
cargo_pos = 6.5
battery_m = 660.1390408402818
P_max = 1477811
vol_bat = 249.38585987299538
price_bat = 22444.727388569587
h_winglet_1 = 0.5
h_winglet_2 = 0.5
V_cruise = 70.36572946678888
h_cruise = 1000
CLmax = 1.7001282389963355
CD0fwd = 0.008558896967176247
CD0fwd = 0.008558896967176247
CD0 = 0.00546908159619588
Clafwd = 6.028232202020173
Clarear = 6.028232202020173
CL_cr_fwd = 0.5428837920318629
CL_cr_rear = 0.5428837920318629
CL_cr = 0.5428837920318629
P_br_cruise_per_engine = 9852.150871515661
T_cr_per_engine = 115.05245389965035
x_cg_MTOM_nc = 3.6243667549923555
Prop_radius_front = 0.5733998374687514
Prop_radius_back = 0.682165331282008
Disk_load_front = 208.02633623029203
Disk_load_back = 146.97861922852357
Root chord vertical tail = 1.6147807671605068
Front_wing_mass = 424.934117880141
Rear_wing_mass = 460.9605518747794
Fuselage_mass = 191.47600470614253
Landing_gear_mass = 102.1079967804148
Vertical_tail_mass = 11.141918152392245
Propulsion_mass = 397.1685937987181
Energy_nc = 592033320.9298801
Energy = 715130010.653694
Cr_vert = 1.6147807671605068
m_v_tail = 11.141918152392245
S_vtail = 1.788756611230151
b_vtail = 1.5824851518172962
